32
5.00 -3.00 10.00
5.35 -2.39 9.29
5.70 -1.78 8.58
6.05 -1.17 7.87
4.43 -2.26 10.35
4.78 -1.65 9.64
5.13 -1.04 8.93
5.48 -0.43 8.23
3.85 -1.52 10.71
4.20 -0.91 10.00
4.56 -0.30 9.29
4.91 0.31 8.59
3.28 -0.78 11.06
3.63 -0.17 10.35
3.99 0.44 9.65
4.34 1.06 8.94
5.74 -2.72 10.61
6.09 -2.11 9.90
6.44 -1.50 9.19
6.79 -0.89 8.48
5.17 -1.98 10.96
5.52 -1.37 10.25
5.87 -0.76 9.54
6.22 -0.15 8.83
4.60 -1.24 11.31
4.95 -0.63 10.60
5.30 -0.02 9.89
5.65 0.59 9.18
4.03 -0.50 11.66
4.38 0.11 10.95
4.73 0.72 10.24
5.08 1.33 9.53